58254.44218 21.285624 0.18231046
58373.25998 21.49767 0.19590473
58600.38138 22.131126 0.23651564
58642.4317 21.735476 0.21115041
58662.42944 21.617393 0.20358026
58690.30442 21.600183 0.20247686
58694.3352 22.111458 0.23525465
58699.33364 21.454786 0.19315553
58699.35959 21.418036 0.19079936
58701.33352 21.61902 0.20368457
58702.36898 21.582918 0.20137
58705.38289 21.29832 0.18312442
58972.47812 21.342999 0.18598878
59044.34299 21.521555 0.19743598
59047.28267 21.487429 0.19524813
59050.41638 21.841187 0.21792758
59314.49501 21.387352 0.18883228
59344.47197 21.644894 0.20534325
59348.44979 21.930544 0.2236563
59371.41178 21.557997 0.19977224
59410.37699 20.648226 0.14144695
