59673.4951 13.988599 0.0126938615
59676.48876 14.031104 0.012704817
59678.47615 14.061048 0.012712962
59683.42866 14.113205 0.012728025
59689.44887 14.152641 0.012740181
59694.47598 14.240544 0.012769792
59700.43103 14.266424 0.012779201
59708.36598 14.333054 0.01280496
59708.46474 14.345869 0.012810175
59711.46563 14.383767 0.012826111
59714.43208 14.362934 0.012817256
59718.40586 14.431256 0.01284719
59718.44404 14.416562 0.012840534
59721.41277 14.429466 0.012846374
59721.45233 14.459617 0.01286039
59723.45103 14.463614 0.012862288
59725.42748 14.486219 0.0128732
59727.4034 14.47532 0.012867901
59731.43027 14.52784 0.012894097
59735.40822 14.615028 0.012941427
59737.4489 14.628888 0.012949414
59739.43634 14.6303835 0.012950283
59741.38405 14.632297 0.012951397
59744.38372 14.660967 0.012968405
59748.36508 14.697872 0.012991154
59750.36559 14.714962 0.013002021
59755.3643 14.7596 0.013031438
59759.34703 14.816439 0.01307113
59763.34874 14.838832 0.01308748
59772.35327 14.917462 0.013148247
59772.43852 14.899701 0.013134052
59774.32568 14.936417 0.013163705
59774.40504 14.918523 0.013149103
59776.3641 14.975711 0.013196794
59779.29235 14.979368 0.013199948
59779.38354 14.997103 0.013215416
59783.37457 15.027977 0.013243067
59785.30956 15.023651 0.013239138
59787.32132 15.08052 0.013292303
59789.34395 15.097068 0.013308395
59793.32006 15.115377 0.013326534
59798.34687 15.214003 0.01343056
59800.41613 15.224437 0.013442212
59805.30307 15.241755 0.013461839
59809.2746 15.306722 0.013538715
59811.35482 15.337349 0.013576801
59813.25959 15.318568 0.013553304
59815.29048 15.346381 0.0135882655
59817.23768 15.376023 0.013626651
59819.2508 15.379586 0.013631345
59821.23771 15.392685 0.013648748
59823.27713 15.390809 0.013646243
59825.3399 15.424744 0.013692347
59829.17436 15.449958 0.0137276575
59843.17301 15.586845 0.013936011
59847.17689 15.616602 0.013985246
59849.15157 15.630812 0.014009284
59851.15833 15.659329 0.014058571
59853.24729 15.673737 0.01408401
59855.28092 15.690043 0.01411325
59857.19306 15.69328 0.01411911
59859.22815 15.736437 0.014199085
59863.25023 15.74606 0.014217393
59867.17475 15.784747 0.014292778
59870.17557 15.804467 0.014332331
59872.13171 15.831683 0.014388199
59874.14569 15.8215685 0.014367261
59877.15999 15.874212 0.0144785615
59879.13319 15.888641 0.014510089
59881.20966 15.908938 0.014555198
59883.12203 15.901669 0.014538939
59888.12335 15.940716 0.014627652
59895.14003 15.986434 0.014735923
59897.17284 16.00809 0.014788918
59901.14178 16.010445 0.01479475
59903.13502 16.03139 0.014847198
59907.16136 16.076826 0.014964718
59909.12114 16.088009 0.014994444
59913.12956 16.120892 0.015083744
59922.12715 16.173136 0.01523159
59924.13035 16.21471 0.015354674
59935.13015 16.254257 0.015476409
59951.0904 16.34338 0.015768267
59951.09436 16.369858 0.01585987
59951.09831 16.35833 0.015819704
59951.10226 16.34262 0.015765674
59951.10623 16.308746 0.015651885
60029.47512 16.745392 0.017439723
60032.44854 16.769047 0.01755916
60042.46413 16.820251 0.017826924
60044.43194 16.818375 0.017816879
60051.4506 16.84682 0.017970985
60054.46218 16.834728 0.017904975
60056.47828 16.902958 0.018287323
60058.45252 16.851269 0.01799545
60065.42548 16.928305 0.018435653
60072.4616 16.946823 0.018546253
60076.46178 16.995369 0.018845351
60078.46173 16.956505 0.018604832
60081.41146 16.99519 0.018844225
60083.46361 17.021168 0.019009857
60085.45915 17.0099 0.018937519
60087.40654 17.052996 0.019218277
60089.45087 17.024906 0.019034022
60092.39517 17.037022 0.019112907
60098.4033 17.050194 0.019199677
60100.42714 17.086327 0.019443203
60103.40442 17.07319 0.019353734
60108.43861 17.096033 0.019510012
60110.35412 17.102798 0.01955693
60112.39187 17.135912 0.019790854
60115.36044 17.144726 0.019854331
60118.37417 17.14249 0.019838177
60120.40897 17.145113 0.019857125
60122.4459 17.13218 0.019764131
60124.42472 17.141708 0.019832537
60133.3836 17.224995 0.020456638
60135.43908 17.2266 0.020469144
60137.41898 17.19918 0.020258086
60139.36225 17.245953 0.020621333
60143.38197 17.25663 0.02070646
60145.31291 17.247883 0.020636657
60147.45293 17.260757 0.020739587
60149.40766 17.254932 0.020692872
60151.401 17.269135 0.020807214
60156.36074 17.230492 0.020499527
60160.28449 17.29399 0.021010935
60162.34518 17.290176 0.02097938
60169.33744 17.32822 0.021299182
60171.27208 17.319283 0.021223048
60173.31589 17.314095 0.02117914
60182.30416 17.384106 0.021789523
60184.32024 17.370596 0.021668691
60186.23594 17.388317 0.021827497
60191.18566 17.406525 0.021993335
60193.29563 17.38441 0.02179227
60195.28568 17.421093 0.022128025
60198.26977 17.411676 0.022040766
60201.19036 17.424156 0.022156578
60203.39383 17.405878 0.021987403
60205.20958 17.45303 0.022429593
60207.174 17.433863 0.022247555
60211.154 17.434868 0.022257023
60213.18986 17.451412 0.022414109
60215.23856 17.458244 0.022479666
60217.1549 17.459785 0.02249451
60221.21832 17.497927 0.022868559
60223.1965 17.505924 0.022948643
60226.21761 17.496948 0.022858799
60228.16277 17.57114 0.02362371
60231.15921 17.489958 0.022789335
60233.15627 17.504616 0.022935499
60235.13982 17.536358 0.023258721
60237.16743 17.493841 0.022827877
60239.13339 17.54602 0.023358976
60245.20472 17.567537 0.023585377
60247.14643 17.57735 0.023690097
60249.17391 17.560158 0.023507226
60251.18398 17.550728 0.023408134
60253.14372 17.622593 0.024185032
60255.14436 17.54889 0.0233889
60258.1189 17.588707 0.023812436
60260.12053 17.629112 0.024258014
60268.1319 17.58765 0.023801006
60285.14102 17.681232 0.024857195
60288.16155 17.881214 0.027433384
60290.15567 17.640774 0.02438966
60351.54901 17.790527 0.026180744
60351.54948 17.767551 0.025864536
60351.54996 17.803764 0.026365945
60352.5496 17.843105 0.026929662
60353.54825 17.744146 0.025549125
60353.54872 17.767502 0.025863854
60353.54919 17.775215 0.025969267
60354.55352 17.759258 0.025808105
60354.55398 17.80952 0.026456662
60354.55445 17.813484 0.026509052
60355.55554 17.837788 0.026834352
60355.55601 17.813385 0.026507743
60355.55649 17.913746 0.027897459
60356.55689 17.807781 0.026433732
60356.55737 17.831165 0.026745018
60356.55784 17.789745 0.026198016
60357.55317 17.811329 0.02648054
60357.55365 17.785278 0.026140224
60357.55411 17.809725 0.026459351
60403.51812 17.954414 0.028496724
60407.48703 17.917755 0.027955597
60422.40686 17.997093 0.02914912
60428.46539 17.962128 0.028612819
60430.45609 18.009537 0.029344007
60433.44765 17.97147 0.028754499
60443.38464 17.945312 0.028360717
60446.45536 17.988361 0.029013637
60449.38366 18.010262 0.029355424
60451.38417 18.005508 0.029280672
60455.39075 18.02723 0.02962477
60458.38753 18.028965 0.029652549
60460.39117 18.020561 0.02951845
60463.41002 18.035515 0.029757775
60469.40496 18.071747 0.03035082
60471.37223 18.053978 0.030057633
60473.40367 18.089779 0.030653067
60476.45854 18.073547 0.030380797
60479.36494 18.077362 0.030444438
60482.362 18.059006 0.030140119
60484.34829 18.083086 0.03054032
60487.4119 18.134087 0.031416237
60489.36512 18.07022 0.030325461
60491.41767 18.091652 0.030684732
60500.38319 18.14713 0.03164654
60503.3847 18.111675 0.031026535
60505.38397 18.186808 0.03236351
60508.32322 18.121252 0.031192116
60510.3582 18.131481 0.03137053
60515.40821 18.20169 0.032638874
60518.30189 18.181797 0.03227161
60520.36489 18.18009 0.03224039
60522.28587 18.220089 0.032984227
60525.28058 18.143898 0.031589247
60527.26142 18.160656 0.03188821
60529.29156 18.238384 0.03333312
60531.27914 18.17838 0.032209147
60535.29603 18.214327 0.03287547
60537.30323 18.222967 0.03303874
60539.30744 18.09643 0.030765748
60543.29621 18.23145 0.033200208
60545.26157 18.256296 0.03368008
60547.41786 18.241127 0.03338591
60549.35589 18.213177 0.032853823
60551.25376 18.195848 0.032530356
60553.37058 18.288134 0.03431021
60556.24341 18.265852 0.03386739
60558.30289 18.228025 0.033134885
60562.3368 18.24435 0.0334481
60566.20996 18.23891 0.033343233
60569.19371 18.21816 0.03294776
60572.19346 18.3202 0.03496253
60579.23833 18.338274 0.035338186
60593.1927 18.271025 0.03396945
60595.20308 18.310154 0.034756232
60597.14516 18.292362 0.034395203
60599.32947 18.288166 0.034310855
60604.18654 18.331493 0.03519657
60606.15228 18.325611 0.035074387
60608.16668 18.286457 0.034276582
60610.16609 18.379227 0.036211204
