59673.47175 14.991643 0.01368443
59676.46712 14.993988 0.013687457
59678.48955 14.994865 0.0136885885
59685.4063 14.989451 0.013681605
59689.46713 14.989405 0.013681546
59694.44536 14.973831 0.013661577
59697.46662 14.9923525 0.013685346
59700.46521 14.996262 0.013690394
59702.47024 14.9826145 0.013672817
59711.42929 14.982853 0.013673124
59714.46186 15.0009575 0.013696474
59723.43465 14.995133 0.013688936
59725.44866 14.975018 0.013663094
59727.45129 14.996255 0.013690386
59733.44588 15.014008 0.013713462
59735.44845 15.004189 0.013700669
59737.41302 15.013992 0.013713442
59739.41142 15.0439415 0.013752921
59741.46035 15.049221 0.013759953
59748.39286 15.051916 0.0137635525
59750.32954 15.0263815 0.013729689
59752.43916 15.058325 0.013772132
59755.41418 15.082712 0.013805083
59757.32386 15.078234 0.013798997
59757.36388 15.066482 0.0137831
59763.41109 15.078545 0.013799418
59765.40391 15.121217 0.013858107
59768.42456 15.096005 0.013823249
59770.38252 15.10724 0.013838716
59770.43299 15.110434 0.013843133
59781.28292 15.179306 0.013940492
59783.33253 15.187731 0.013952687
59785.35836 15.182099 0.013944529
59787.3764 15.17169 0.013929523
59789.36497 15.171076 0.01392864
59793.28966 15.233104 0.01401948
59795.32093 15.248456 0.0140425125
59798.3206 15.246268 0.0140392175
59802.32001 15.253453 0.014050059
59805.40589 15.277386 0.014086531
59807.39639 15.269131 0.014073887
59809.34261 15.288326 0.014103389
59811.29585 15.294678 0.014113231
59813.30259 15.29162 0.014108488
59815.26068 15.317657 0.014149173
59817.30214 15.328705 0.014166642
59819.28416 15.333061 0.014173565
59821.17675 15.34485 0.014192398
59823.31672 15.338626 0.014182437
59825.30958 15.372581 0.01423727
59827.27813 15.376488 0.014243659
59839.19423 15.433285 0.014338396
59839.28486 15.427935 0.01432932
59841.1938 15.44188 0.014353044
59841.27138 15.468921 0.014399682
59843.24279 15.470341 0.014402156
59845.21573 15.449601 0.014366275
59847.29054 15.473408 0.014407502
59849.21882 15.478352 0.014416149
59851.20892 15.482022 0.014422584
59853.28141 15.492403 0.014440875
59855.26581 15.50322 0.014460066
59857.26713 15.502635 0.014459027
59859.20263 15.521691 0.014493171
59861.18233 15.534705 0.014516744
59863.17847 15.5498 0.014544349
59865.19706 15.555175 0.014554248
59872.18363 15.581894 0.014603998
59874.18659 15.589405 0.014618148
59877.19947 15.609406 0.014656187
59879.20164 15.607176 0.01465192
59881.13183 15.626606 0.0146893235
59883.16509 15.640823 0.0147170145
59888.175 15.692766 0.014820555
59890.14027 15.689867 0.014814677
59895.16326 15.673268 0.014781247
59897.1373 15.694217 0.0148235
59899.13133 15.708581 0.014852837
59903.18386 15.671866 0.014778441
59907.12124 15.725584 0.0148879485
59909.20002 15.703881 0.014843206
59924.1524 15.745776 0.014930203
60042.48988 16.26792 0.016272016
60051.47506 16.27871 0.016305726
60054.4522 16.295404 0.016358446
60056.45515 16.306187 0.016392862
60058.47862 16.319178 0.016434716
60072.42482 16.358536 0.016564138
60076.42078 16.411842 0.016745927
60078.392 16.385593 0.016655454
60081.36581 16.386255 0.016657714
60083.43725 16.419147 0.016771438
60085.38507 16.440392 0.016846476
60087.45641 16.440598 0.016847212
60089.43737 16.47113 0.016957317
60092.35279 16.456799 0.0169053
60100.45834 16.497967 0.017056324
60103.43943 16.534454 0.017194381
60110.36158 16.521088 0.017143335
60112.43206 16.546017 0.017238975
60115.41632 16.533218 0.017189637
60118.4177 16.530731 0.01718011
60120.4229 16.561974 0.017301206
60122.43912 16.571882 0.01734025
60124.48785 16.593197 0.0174253
60133.33603 16.606138 0.017477658
60135.32761 16.64114 0.017622028
60139.43012 16.619474 0.017532183
60141.29941 16.621052 0.017538672
60143.42967 16.621243 0.017539456
60145.34993 16.682468 0.017797844
60147.40987 16.681768 0.01779482
60149.36684 16.626482 0.01756107
60151.45586 16.676304 0.017771248
60156.32906 16.711256 0.017923845
60160.30174 16.723362 0.017977718
60162.36221 16.728676 0.018001536
60169.37365 16.730438 0.018009456
60171.34308 16.727917 0.017998127
60180.27272 16.826355 0.018458258
60182.24937 16.77148 0.018197194
60184.23541 16.805723 0.018358724
60186.19809 16.791855 0.018292757
60191.29144 16.817883 0.018417181
60193.25184 16.79343 0.018300215
60195.33313 16.807743 0.018368391
60203.27068 16.851475 0.01858175
60205.26558 16.865849 0.018653564
60207.2248 16.868082 0.018664803
60211.22433 16.898102 0.01881785
60213.16293 16.87355 0.0186924
60215.18201 16.8891 0.018771552
60217.13528 16.873217 0.01869071
60221.20807 16.927906 0.018973602
60223.15182 16.942749 0.01905261
60226.20207 16.951294 0.019098537
60228.22677 16.931995 0.01899527
60231.18504 16.935583 0.019014345
60233.20373 16.954681 0.01911684
60235.17929 16.940708 0.01904169
60237.22206 16.937424 0.019024152
60239.18123 16.958012 0.019134874
60242.16531 17.016953 0.019462531
60245.13615 16.985119 0.019283578
60247.11853 16.988247 0.019300953
60249.13627 17.026781 0.019518742
60251.12384 16.997442 0.019352289
60253.19476 16.976463 0.01923573
60255.12381 16.988842 0.01930426
60258.15069 17.000793 0.019371096
60260.15433 17.034676 0.019564236
60262.15315 17.017845 0.019467615
60268.18072 17.06561 0.019745398
60290.11915 17.087852 0.019878574
60390.49506 17.3641 0.02175759
60403.46916 17.460522 0.022523671
60407.46635 17.454838 0.022476755
60422.47708 17.52246 0.023049919
60428.44412 17.53297 0.02314199
60433.47785 17.552305 0.023313545
60443.45101 17.5879 0.02363685
60446.42295 17.598438 0.023734463
60449.44562 17.584103 0.023601895
60451.43658 17.619614 0.023933275
60458.42557 17.608353 0.023827104
60460.4259 17.637592 0.024104921
60463.44809 17.655289 0.024276456
60469.44222 17.653637 0.024260331
60471.41483 17.63847 0.024113365
60473.44262 17.7014 0.024735782
60476.38327 17.68396 0.024559926
60479.46147 17.672558 0.024446359
60482.42215 17.6787 0.024507394
60484.39881 17.654346 0.024267253
60489.44242 17.738888 0.025122758
60491.46012 17.726997 0.024998665
60500.42439 17.715235 0.02487715
60510.39726 17.749176 0.02523114
60515.33676 17.818167 0.0259831
60518.38968 17.789688 0.025667317
60520.33583 17.78373 0.02560222
60522.33242 17.783604 0.025600841
60525.23817 17.763596 0.025384663
60527.33495 17.804193 0.025827197
60529.30504 17.794697 0.025722304
60531.30124 17.822342 0.026030041
60535.32432 17.813354 0.0259292
60537.34241 17.830894 0.026126739
60543.3158 17.803555 0.025820114
60545.32615 17.894358 0.026866702
60547.30053 17.856594 0.02642156
60549.30226 17.838478 0.026213057
60551.28402 17.840975 0.02624161
60553.32606 17.863873 0.026506249
60556.26951 17.874329 0.026628824
60558.28327 17.933666 0.027345588
60562.23262 17.877039 0.026660768
60564.26939 17.884491 0.026749017
60572.37772 17.876207 0.026650965
60579.28774 17.89458 0.026869386
60591.21012 17.95708 0.027638571
60593.24079 17.96851 0.027783735
60595.14822 17.960632 0.027683536
60597.19608 18.03756 0.028691527
60602.24214 17.952343 0.027578816
60604.13722 17.989952 0.028059924
60606.18354 17.980284 0.027934754
60610.14274 18.033955 0.028642798
