58254.46401 21.246908 0.19594646
58257.42128 20.947199 0.17530143
58257.45576 21.316704 0.20075417
58257.48402 21.103886 0.19380355
58257.48447 20.853281 0.17597759
58269.41503 20.631088 0.15352666
58285.3703 21.090275 0.19283533
58285.37076 21.132105 0.1958108
58285.37167 21.248156 0.1960324
58290.38189 21.160557 0.18999827
58316.35741 21.084122 0.18473315
58322.39454 21.065344 0.18343973
58334.3563 21.156979 0.18975174
58338.35662 21.141817 0.19650161
58343.32194 21.520164 0.21476924
58358.29244 21.187855 0.19977629
58370.27957 20.865456 0.1696707
58373.28017 21.106335 0.1862632
58379.23361 20.884212 0.17096269
58439.1994 20.209091 0.1217388
58443.07698 20.84214 0.1751852
58616.42207 21.400414 0.20652044
58633.42647 21.103706 0.18608224
58639.40864 20.956936 0.17597222
58642.44557 21.077835 0.18430007
58645.4728 20.985878 0.17796576
58662.32744 21.176975 0.19112921
58665.42739 20.996563 0.17870188
58668.34495 21.177753 0.19118285
58675.42439 21.324585 0.20129704
58675.43157 21.272789 0.19772923
58675.43202 21.511532 0.21417463
58676.41506 21.367573 0.2042582
58677.31321 21.055365 0.18275225
58677.36259 21.15524 0.18963194
58677.38685 20.83424 0.16752052
58677.39935 20.910894 0.17280066
58678.38372 20.894901 0.17169905
58678.39585 20.929588 0.17408836
58678.46685 21.328503 0.20156693
58680.36036 20.417942 0.13799575
58681.31846 20.331373 0.13118309
58683.31861 21.077736 0.18429327
58685.36305 20.8877 0.1712029
58685.41623 20.886057 0.17830908
58685.41668 21.110622 0.19428265
58688.38057 21.164402 0.19026315
58690.34039 21.345526 0.2027396
58691.36141 21.016783 0.1800946
58693.34854 21.098139 0.18569875
58697.34705 21.151934 0.18940425
58700.30349 21.131508 0.18799722
58700.34335 21.472387 0.21147823
58700.35159 21.184975 0.1916802
58701.30706 21.456121 0.21035779
58701.34298 21.000513 0.17897391
58702.30624 20.980234 0.17757702
58702.34324 21.224785 0.19442248
58702.35146 20.998207 0.17881513
58703.3434 21.364588 0.20405257
58703.35161 21.274794 0.19786727
58704.24826 21.217632 0.19392979
58704.26293 20.956118 0.17591584
58705.30288 20.991951 0.17838418
58706.28623 20.883774 0.17093253
58706.36257 21.217476 0.19391906
58706.37072 21.18609 0.19175708
58707.21837 20.836151 0.16765213
58707.36029 20.778503 0.16368115
58708.27454 20.80588 0.16556692
58714.27351 20.78077 0.1638372
58714.30664 21.093277 0.18536377
58714.32811 20.850574 0.16864562
58715.34193 21.042837 0.1818893
58716.34329 20.906448 0.17249441
58730.25668 20.905216 0.17240953
58735.19538 20.833145 0.16744506
58735.25508 21.051533 0.18248832
58737.28059 20.553993 0.14821613
58745.29293 20.779678 0.1637621
58749.27198 21.053549 0.1826272
58977.49392 20.406023 0.14348051
58985.47358 20.879187 0.17061651
58987.47866 20.988771 0.17816508
58991.47909 21.18478 0.19166684
59001.451 21.116453 0.18696022
59005.40916 20.462688 0.14153226
59005.42977 20.6837 0.15715086
59019.393 21.267475 0.19736314
59020.47919 21.504322 0.213678
59022.40145 21.423447 0.208107
59022.40192 21.377007 0.20490801
59022.40238 21.744528 0.23022413
59022.40286 21.354853 0.20338202
59022.40332 21.450708 0.2099849
59022.40379 21.454056 0.21021545
59022.40426 21.532639 0.2156285
59022.4052 21.276506 0.19798529
59022.40614 21.369156 0.20436728
59022.40987 21.51123 0.21415389
59022.41034 21.47942 0.21196258
59022.41081 21.565264 0.21787584
59022.41127 21.36163 0.20384884
59022.41269 21.485435 0.21237695
59022.41596 21.498508 0.21327746
59022.41689 21.558342 0.217399
59022.41829 21.325138 0.20133519
59022.41923 21.159409 0.18991911
59022.42016 21.543 0.21634221
59022.42063 21.380861 0.20517361
59022.42204 21.518795 0.21467495
59022.4225 21.56543 0.21788728
59022.42671 21.366375 0.20417571
59022.42999 21.325796 0.20138049
59022.43045 21.430939 0.20862305
59022.43093 21.430109 0.20856595
59022.43279 21.36797 0.2042855
59022.43327 21.742496 0.23008418
59022.43373 21.380836 0.20517182
59022.43702 21.602598 0.22044754
59022.43748 21.72762 0.22905946
59022.43842 21.663969 0.22467494
59022.44075 21.281462 0.19832659
59022.44122 21.146942 0.18906045
59022.44497 21.601109 0.2203449
59022.44543 21.426823 0.20833957
59022.44637 21.432472 0.20872867
59022.44684 21.147001 0.1890645
59022.44824 21.563702 0.21776819
59022.44871 21.563082 0.21772552
59022.45012 21.634983 0.2226783
59022.45058 21.437252 0.20905793
59022.45106 21.394432 0.20610833
59022.45198 21.59778 0.22011566
59022.45339 21.576166 0.21862686
59022.45479 21.672022 0.22522974
59022.45527 21.14602 0.18899703
59022.4562 21.626846 0.22211778
59022.45761 21.459164 0.21056736
59022.45807 21.367651 0.20426357
59022.45855 21.757242 0.23109996
59022.45995 21.323187 0.20120072
59022.46041 21.340515 0.20239437
59022.46087 21.536798 0.21591508
59022.46135 21.211037 0.19347548
59025.38407 21.186853 0.19180965
59031.46058 21.457567 0.21045732
59047.40666 21.180733 0.19138801
59048.34688 21.394812 0.20613456
59051.37207 21.326923 0.2014581
59054.36881 21.360954 0.20380235
59055.35679 21.294937 0.19925487
59059.37668 21.06952 0.18372738
59076.3792 21.311268 0.20037973
59129.2048 20.688307 0.15746808
59137.18377 21.360569 0.20377576
59139.24732 21.092573 0.18531537
59141.1622 21.325006 0.20132613
59143.13872 21.28336 0.19845736
59280.52586 20.509066 0.14512134
59282.52821 20.873024 0.170192
59311.49296 21.14352 0.18882477
59317.45448 20.815504 0.16622984
59344.42535 20.817436 0.166363
59367.40245 21.148777 0.18918681
59371.44492 21.257797 0.19669652
59376.43369 21.287361 0.19873297
59381.40349 21.03548 0.18138254
59386.41995 20.986519 0.17800999
59401.35832 21.128578 0.18779552
59403.35163 20.909367 0.1726954
59408.3305 21.114305 0.18681228
